1;1;15;3;4;6;Random;1-1-15-3-4-6-1
1;1;15;3;4;6;Random;1-1-15-3-4-6-2
1;1;15;3;4;6;Random;1-1-15-3-4-6-3
1;1;15;3;4;6;Random;1-1-15-3-4-6-4
1;1;15;3;4;6;Random;1-1-15-3-4-6-5
1;1;15;3;4;6;Random;1-1-15-3-4-6-6
1;1;15;3;4;6;Random;1-1-15-3-4-6-7
1;1;15;3;4;6;Random;1-1-15-3-4-6-8
1;1;15;3;4;6;Random;1-1-15-3-4-6-9
1;1;15;3;4;6;Random;1-1-15-3-4-6-10
2;1;15;4;3;4;Random;2-1-15-4-3-4-1
2;1;15;4;3;4;Random;2-1-15-4-3-4-2
2;1;15;4;3;4;Random;2-1-15-4-3-4-3
2;1;15;4;3;4;Random;2-1-15-4-3-4-4
2;1;15;4;3;4;Random;2-1-15-4-3-4-5
2;1;15;4;3;4;Random;2-1-15-4-3-4-6
2;1;15;4;3;4;Random;2-1-15-4-3-4-7
2;1;15;4;3;4;Random;2-1-15-4-3-4-8
2;1;15;4;3;4;Random;2-1-15-4-3-4-9
2;1;15;4;3;4;Random;2-1-15-4-3-4-10
3;1;15;5;3;4;Random;3-1-15-5-3-4-1
3;1;15;5;3;4;Random;3-1-15-5-3-4-2
3;1;15;5;3;4;Random;3-1-15-5-3-4-3
3;1;15;5;3;4;Random;3-1-15-5-3-4-4
3;1;15;5;3;4;Random;3-1-15-5-3-4-5
3;1;15;5;3;4;Random;3-1-15-5-3-4-6
3;1;15;5;3;4;Random;3-1-15-5-3-4-7
3;1;15;5;3;4;Random;3-1-15-5-3-4-8
3;1;15;5;3;4;Random;3-1-15-5-3-4-9
3;1;15;5;3;4;Random;3-1-15-5-3-4-10
4;1;18;3;5;7;Random;4-1-18-3-5-7-1
4;1;18;3;5;7;Random;4-1-18-3-5-7-2
4;1;18;3;5;7;Random;4-1-18-3-5-7-3
4;1;18;3;5;7;Random;4-1-18-3-5-7-4
4;1;18;3;5;7;Random;4-1-18-3-5-7-5
4;1;18;3;5;7;Random;4-1-18-3-5-7-6
4;1;18;3;5;7;Random;4-1-18-3-5-7-7
4;1;18;3;5;7;Random;4-1-18-3-5-7-8
4;1;18;3;5;7;Random;4-1-18-3-5-7-9
4;1;18;3;5;7;Random;4-1-18-3-5-7-10
5;1;18;4;3;5;Random;5-1-18-4-3-5-1
5;1;18;4;3;5;Random;5-1-18-4-3-5-2
5;1;18;4;3;5;Random;5-1-18-4-3-5-3
5;1;18;4;3;5;Random;5-1-18-4-3-5-4
5;1;18;4;3;5;Random;5-1-18-4-3-5-5
5;1;18;4;3;5;Random;5-1-18-4-3-5-6
5;1;18;4;3;5;Random;5-1-18-4-3-5-7
5;1;18;4;3;5;Random;5-1-18-4-3-5-8
5;1;18;4;3;5;Random;5-1-18-4-3-5-9
5;1;18;4;3;5;Random;5-1-18-4-3-5-10
6;1;18;5;3;4;Random;6-1-18-5-3-4-1
6;1;18;5;3;4;Random;6-1-18-5-3-4-2
6;1;18;5;3;4;Random;6-1-18-5-3-4-3
6;1;18;5;3;4;Random;6-1-18-5-3-4-4
6;1;18;5;3;4;Random;6-1-18-5-3-4-5
6;1;18;5;3;4;Random;6-1-18-5-3-4-6
6;1;18;5;3;4;Random;6-1-18-5-3-4-7
6;1;18;5;3;4;Random;6-1-18-5-3-4-8
6;1;18;5;3;4;Random;6-1-18-5-3-4-9
6;1;18;5;3;4;Random;6-1-18-5-3-4-10
7;1;21;3;6;8;Random;7-1-21-3-6-8-1
7;1;21;3;6;8;Random;7-1-21-3-6-8-2
7;1;21;3;6;8;Random;7-1-21-3-6-8-3
7;1;21;3;6;8;Random;7-1-21-3-6-8-4
7;1;21;3;6;8;Random;7-1-21-3-6-8-5
7;1;21;3;6;8;Random;7-1-21-3-6-8-6
7;1;21;3;6;8;Random;7-1-21-3-6-8-7
7;1;21;3;6;8;Random;7-1-21-3-6-8-8
7;1;21;3;6;8;Random;7-1-21-3-6-8-9
7;1;21;3;6;8;Random;7-1-21-3-6-8-10
8;1;21;4;4;6;Random;8-1-21-4-4-6-1
8;1;21;4;4;6;Random;8-1-21-4-4-6-2
8;1;21;4;4;6;Random;8-1-21-4-4-6-3
8;1;21;4;4;6;Random;8-1-21-4-4-6-4
8;1;21;4;4;6;Random;8-1-21-4-4-6-5
8;1;21;4;4;6;Random;8-1-21-4-4-6-6
8;1;21;4;4;6;Random;8-1-21-4-4-6-7
8;1;21;4;4;6;Random;8-1-21-4-4-6-8
8;1;21;4;4;6;Random;8-1-21-4-4-6-9
8;1;21;4;4;6;Random;8-1-21-4-4-6-10
9;1;21;5;3;5;Random;9-1-21-5-3-5-1
9;1;21;5;3;5;Random;9-1-21-5-3-5-2
9;1;21;5;3;5;Random;9-1-21-5-3-5-3
9;1;21;5;3;5;Random;9-1-21-5-3-5-4
9;1;21;5;3;5;Random;9-1-21-5-3-5-5
9;1;21;5;3;5;Random;9-1-21-5-3-5-6
9;1;21;5;3;5;Random;9-1-21-5-3-5-7
9;1;21;5;3;5;Random;9-1-21-5-3-5-8
9;1;21;5;3;5;Random;9-1-21-5-3-5-9
9;1;21;5;3;5;Random;9-1-21-5-3-5-10
10;1;24;3;7;9;Random;10-1-24-3-7-9-1
10;1;24;3;7;9;Random;10-1-24-3-7-9-2
10;1;24;3;7;9;Random;10-1-24-3-7-9-3
10;1;24;3;7;9;Random;10-1-24-3-7-9-4
10;1;24;3;7;9;Random;10-1-24-3-7-9-5
10;1;24;3;7;9;Random;10-1-24-3-7-9-6
10;1;24;3;7;9;Random;10-1-24-3-7-9-7
10;1;24;3;7;9;Random;10-1-24-3-7-9-8
10;1;24;3;7;9;Random;10-1-24-3-7-9-9
10;1;24;3;7;9;Random;10-1-24-3-7-9-10
11;1;24;4;5;7;Random;11-1-24-4-5-7-1
11;1;24;4;5;7;Random;11-1-24-4-5-7-2
11;1;24;4;5;7;Random;11-1-24-4-5-7-3
11;1;24;4;5;7;Random;11-1-24-4-5-7-4
11;1;24;4;5;7;Random;11-1-24-4-5-7-5
11;1;24;4;5;7;Random;11-1-24-4-5-7-6
11;1;24;4;5;7;Random;11-1-24-4-5-7-7
11;1;24;4;5;7;Random;11-1-24-4-5-7-8
11;1;24;4;5;7;Random;11-1-24-4-5-7-9
11;1;24;4;5;7;Random;11-1-24-4-5-7-10
12;1;24;5;3;5;Random;12-1-24-5-3-5-1
12;1;24;5;3;5;Random;12-1-24-5-3-5-2
12;1;24;5;3;5;Random;12-1-24-5-3-5-3
12;1;24;5;3;5;Random;12-1-24-5-3-5-4
12;1;24;5;3;5;Random;12-1-24-5-3-5-5
12;1;24;5;3;5;Random;12-1-24-5-3-5-6
12;1;24;5;3;5;Random;12-1-24-5-3-5-7
12;1;24;5;3;5;Random;12-1-24-5-3-5-8
12;1;24;5;3;5;Random;12-1-24-5-3-5-9
12;1;24;5;3;5;Random;12-1-24-5-3-5-10
1;2;75;6;11;13;Random;1-2-75-6-11-13-1
1;2;75;6;11;13;Random;1-2-75-6-11-13-2
1;2;75;6;11;13;Random;1-2-75-6-11-13-3
1;2;75;6;11;13;Random;1-2-75-6-11-13-4
1;2;75;6;11;13;Random;1-2-75-6-11-13-5
1;2;75;6;11;13;Random;1-2-75-6-11-13-6
1;2;75;6;11;13;Random;1-2-75-6-11-13-7
1;2;75;6;11;13;Random;1-2-75-6-11-13-8
1;2;75;6;11;13;Random;1-2-75-6-11-13-9
1;2;75;6;11;13;Random;1-2-75-6-11-13-10
2;2;75;8;8;10;Random;2-2-75-8-8-10-1
2;2;75;8;8;10;Random;2-2-75-8-8-10-2
2;2;75;8;8;10;Random;2-2-75-8-8-10-3
2;2;75;8;8;10;Random;2-2-75-8-8-10-4
2;2;75;8;8;10;Random;2-2-75-8-8-10-5
2;2;75;8;8;10;Random;2-2-75-8-8-10-6
2;2;75;8;8;10;Random;2-2-75-8-8-10-7
2;2;75;8;8;10;Random;2-2-75-8-8-10-8
2;2;75;8;8;10;Random;2-2-75-8-8-10-9
2;2;75;8;8;10;Random;2-2-75-8-8-10-10
3;2;75;10;6;8;Random;3-2-75-10-6-8-1
3;2;75;10;6;8;Random;3-2-75-10-6-8-2
3;2;75;10;6;8;Random;3-2-75-10-6-8-3
3;2;75;10;6;8;Random;3-2-75-10-6-8-4
3;2;75;10;6;8;Random;3-2-75-10-6-8-5
3;2;75;10;6;8;Random;3-2-75-10-6-8-6
3;2;75;10;6;8;Random;3-2-75-10-6-8-7
3;2;75;10;6;8;Random;3-2-75-10-6-8-8
3;2;75;10;6;8;Random;3-2-75-10-6-8-9
3;2;75;10;6;8;Random;3-2-75-10-6-8-10
4;2;90;6;14;16;Random;4-2-90-6-14-16-1
4;2;90;6;14;16;Random;4-2-90-6-14-16-2
4;2;90;6;14;16;Random;4-2-90-6-14-16-3
4;2;90;6;14;16;Random;4-2-90-6-14-16-4
4;2;90;6;14;16;Random;4-2-90-6-14-16-5
4;2;90;6;14;16;Random;4-2-90-6-14-16-6
4;2;90;6;14;16;Random;4-2-90-6-14-16-7
4;2;90;6;14;16;Random;4-2-90-6-14-16-8
4;2;90;6;14;16;Random;4-2-90-6-14-16-9
4;2;90;6;14;16;Random;4-2-90-6-14-16-10
5;2;90;8;10;12;Random;5-2-90-8-10-12-1
5;2;90;8;10;12;Random;5-2-90-8-10-12-2
5;2;90;8;10;12;Random;5-2-90-8-10-12-3
5;2;90;8;10;12;Random;5-2-90-8-10-12-4
5;2;90;8;10;12;Random;5-2-90-8-10-12-5
5;2;90;8;10;12;Random;5-2-90-8-10-12-6
5;2;90;8;10;12;Random;5-2-90-8-10-12-7
5;2;90;8;10;12;Random;5-2-90-8-10-12-8
5;2;90;8;10;12;Random;5-2-90-8-10-12-9
5;2;90;8;10;12;Random;5-2-90-8-10-12-10
6;2;90;10;8;10;Random;6-2-90-10-8-10-1
6;2;90;10;8;10;Random;6-2-90-10-8-10-2
6;2;90;10;8;10;Random;6-2-90-10-8-10-3
6;2;90;10;8;10;Random;6-2-90-10-8-10-4
6;2;90;10;8;10;Random;6-2-90-10-8-10-5
6;2;90;10;8;10;Random;6-2-90-10-8-10-6
6;2;90;10;8;10;Random;6-2-90-10-8-10-7
6;2;90;10;8;10;Random;6-2-90-10-8-10-8
6;2;90;10;8;10;Random;6-2-90-10-8-10-9
6;2;90;10;8;10;Random;6-2-90-10-8-10-10
7;2;105;6;16;18;Random;7-2-105-6-16-18-1
7;2;105;6;16;18;Random;7-2-105-6-16-18-2
7;2;105;6;16;18;Random;7-2-105-6-16-18-3
7;2;105;6;16;18;Random;7-2-105-6-16-18-4
7;2;105;6;16;18;Random;7-2-105-6-16-18-5
7;2;105;6;16;18;Random;7-2-105-6-16-18-6
7;2;105;6;16;18;Random;7-2-105-6-16-18-7
7;2;105;6;16;18;Random;7-2-105-6-16-18-8
7;2;105;6;16;18;Random;7-2-105-6-16-18-9
7;2;105;6;16;18;Random;7-2-105-6-16-18-10
8;2;105;8;12;14;Random;8-2-105-8-12-14-1
8;2;105;8;12;14;Random;8-2-105-8-12-14-2
8;2;105;8;12;14;Random;8-2-105-8-12-14-3
8;2;105;8;12;14;Random;8-2-105-8-12-14-4
8;2;105;8;12;14;Random;8-2-105-8-12-14-5
8;2;105;8;12;14;Random;8-2-105-8-12-14-6
8;2;105;8;12;14;Random;8-2-105-8-12-14-7
8;2;105;8;12;14;Random;8-2-105-8-12-14-8
8;2;105;8;12;14;Random;8-2-105-8-12-14-9
8;2;105;8;12;14;Random;8-2-105-8-12-14-10
9;2;105;10;9;11;Random;9-2-105-10-9-11-1
9;2;105;10;9;11;Random;9-2-105-10-9-11-2
9;2;105;10;9;11;Random;9-2-105-10-9-11-3
9;2;105;10;9;11;Random;9-2-105-10-9-11-4
9;2;105;10;9;11;Random;9-2-105-10-9-11-5
9;2;105;10;9;11;Random;9-2-105-10-9-11-6
9;2;105;10;9;11;Random;9-2-105-10-9-11-7
9;2;105;10;9;11;Random;9-2-105-10-9-11-8
9;2;105;10;9;11;Random;9-2-105-10-9-11-9
9;2;105;10;9;11;Random;9-2-105-10-9-11-10
10;2;120;6;19;21;Random;10-2-120-6-19-21-1
10;2;120;6;19;21;Random;10-2-120-6-19-21-2
10;2;120;6;19;21;Random;10-2-120-6-19-21-3
10;2;120;6;19;21;Random;10-2-120-6-19-21-4
10;2;120;6;19;21;Random;10-2-120-6-19-21-5
10;2;120;6;19;21;Random;10-2-120-6-19-21-6
10;2;120;6;19;21;Random;10-2-120-6-19-21-7
10;2;120;6;19;21;Random;10-2-120-6-19-21-8
10;2;120;6;19;21;Random;10-2-120-6-19-21-9
10;2;120;6;19;21;Random;10-2-120-6-19-21-10
11;2;120;8;14;16;Random;11-2-120-8-14-16-1
11;2;120;8;14;16;Random;11-2-120-8-14-16-2
11;2;120;8;14;16;Random;11-2-120-8-14-16-3
11;2;120;8;14;16;Random;11-2-120-8-14-16-4
11;2;120;8;14;16;Random;11-2-120-8-14-16-5
11;2;120;8;14;16;Random;11-2-120-8-14-16-6
11;2;120;8;14;16;Random;11-2-120-8-14-16-7
11;2;120;8;14;16;Random;11-2-120-8-14-16-8
11;2;120;8;14;16;Random;11-2-120-8-14-16-9
11;2;120;8;14;16;Random;11-2-120-8-14-16-10
12;2;120;10;11;13;Random;12-2-120-10-11-13-1
12;2;120;10;11;13;Random;12-2-120-10-11-13-2
12;2;120;10;11;13;Random;12-2-120-10-11-13-3
12;2;120;10;11;13;Random;12-2-120-10-11-13-4
12;2;120;10;11;13;Random;12-2-120-10-11-13-5
12;2;120;10;11;13;Random;12-2-120-10-11-13-6
12;2;120;10;11;13;Random;12-2-120-10-11-13-7
12;2;120;10;11;13;Random;12-2-120-10-11-13-8
12;2;120;10;11;13;Random;12-2-120-10-11-13-9
12;2;120;10;11;13;Random;12-2-120-10-11-13-10